50	29329
100	5677
150	2430
200	1269
250	696
300	533
350	302
400	414
450	177
500	110
550	377
600	2425
650	6205
700	10148
750	18866
800	312
850	284
900	17615
950	19
1000	16
1050	24
1100	6
1150	8
1200	18
1250	2
1300	7
1350	3
1400	117
1450	2
1500	5
1550	5
1600	4
1650	5
1700	9
1750	7
1800	4
1850	5
1900	4
1950	3
2000	10
2050	2
2100	20
2150	2
2200	2
2250	2
2300	1
2350	1
2400	5
2450	88
2500	4
2550	2
2600	3
2650	2
2700	5
2750	2
2800	2
2850	1
2900	1
2950	2
3000	3
3200	1
3250	2
3300	1
3350	1
3450	1
3600	3
3650	1
3750	1
3800	1
3900	1
3950	1
4050	1
4100	1
4400	1
4500	1
4550	2
4650	1
4700	1
4800	1
4950	3
5400	1
5500	1
5650	1
6150	1
6500	1
6750	1
6800	1
7050	2
7200	2
7600	2
8100	2
9400	1
9700	2
10650	1
13650	1
14600	1
15150	1
15250	1
15850	1
17950	1
25450	1
26150	1
33850	1
74700	1
75300	1
1	8950222
51	18002
101	10511
151	1525
201	1106
251	572
301	500
351	309
401	164
451	132
501	96
551	79
601	55
651	57
701	31
751	30
801	25
851	24
901	19
951	20
1001	17
1051	1
1101	7
1151	6
1201	2
1251	8
1301	2
1351	2
1401	5
1451	2
1501	8
1551	2
1601	5
1651	1
1701	4
1751	1
1801	6
1851	1
1901	3
1951	1
2001	5
2051	3
2101	3
2151	4
2201	3
2251	1
2551	1
2601	1
2801	1
2951	1
3001	1
3101	2
3151	1
3201	3
3601	2
3851	1
4651	2
4951	1
5451	1
5501	1
5751	1
7551	1
8251	1
8401	1
8801	1
9601	1
10051	1
15251	1
2	10290572
52	18081
102	4674
152	1901
202	983
252	939
302	379
352	259
402	225
452	127
502	109
552	97
602	71
652	64
702	2479
752	21
802	31
852	20884
902	10
952	42
1002	14
1052	6
1102	4
1152	16
1202	1
1252	4
1302	31
1352	4
1402	8
1452	11
1502	4
1552	5
1602	7
1652	20
1702	6
1752	2
1802	2
1852	4
1902	4
1952	5
2002	27
2102	1
2152	2
2202	1
2252	3
2302	1
2352	5
2402	1
2552	1
2702	1
2752	5
2852	2
2952	1
3052	3
3152	2
3202	3
3302	3
3402	1
3502	1
3652	1
3752	1
3952	1
4052	1
4202	1
4302	3
4752	1
5002	1
5302	1
6402	1
6552	1
6652	1
6852	2
7602	1
8002	1
8352	1
8552	1
8602	1
9402	2
9752	1
11252	1
13552	1
16902	1
22502	1
128052	1
3	49171908
53	9882
103	2901
153	1649
203	897
253	583
303	398
353	255
403	198
453	143
503	101
553	70
603	82
653	58
703	37
753	52
803	304
853	23
903	19
953	23
1003	16
1053	11
1103	9
1153	3
1203	2
1253	3
1303	1
1353	6
1403	3
1503	1
1553	4
1603	6
1653	2
1703	4
1753	4
1803	2
1853	1
1903	3
1953	5
2003	2
2103	2
2153	4
2203	2
2253	1
2303	1
2403	2
2453	1
2503	1
2603	3
2703	3
2753	1
2853	2
2953	1
3003	1
3053	1
3553	1
3653	1
3753	1
4453	2
4653	2
5253	2
5653	2
5703	1
6053	1
6153	1
6553	1
6603	1
6903	1
10753	1
12103	1
20103	1
20903	1
51653	1
71253	1
85353	1
4	11692376
54	17831
104	4393
154	1981
204	1251
254	594
304	410
354	292
404	205
454	130
504	205
554	70
604	57
654	1067
704	45
754	41
804	36569
854	34
904	23
954	3906
1004	20
1054	3
1104	12
1154	7
1204	30
1254	64
1304	6
1354	2
1404	10
1454	5
1504	4
1554	38
1604	5
1654	4
1704	3
1854	1
1904	1
2004	2
2054	1
2154	2
2254	28
2304	4
2354	1
2404	2
2454	2
2554	2
2604	13
2754	2
2954	2
3104	1
3204	1
3304	1
3404	1
3454	2
3504	2
3554	1
3654	1
3704	1
3954	1
4004	2
4054	1
4104	2
4154	2
4204	1
4254	2
4304	2
4404	3
4554	1
4754	2
4854	1
5604	1
5904	3
6704	1
8304	1
8604	1
20154	1
33054	1
48804	1
5	4945471
55	9930
105	3443
155	1589
205	911
255	633
305	375
355	251
405	211
455	144
505	72
555	270
605	1582
655	6154
705	5372
755	4804
805	439
855	22
905	11
955	23
1005	22
1055	1
1105	10
1155	6
1205	4
1255	4
1305	7
1355	4
1405	3
1455	7
1505	1
1555	6
1605	2
1655	1
1705	5
1755	5
1805	3
1855	1
1905	1
2005	1
2055	5
2105	2
2155	5
2205	1
2405	2
2505	5
2555	1
2605	1
2655	1
2805	2
2955	3
3005	1
3105	1
3855	2
4305	1
4905	1
5055	1
5255	1
5305	2
5355	1
5705	1
6405	1
6455	1
7455	2
7555	1
9555	1
9755	1
11405	1
12905	1
17655	1
22605	1
61255	1
95205	1
6	10662546
56	16907
106	3560
156	1936
206	916
256	629
306	392
356	235
406	191
456	172
506	88
556	70
606	85
656	48
706	34
756	24588
806	29
856	19
906	13240
956	23
1006	9
1056	11
1106	48
1156	5
1206	9
1256	6
1306	1
1356	4
1406	3
1456	15
1506	3
1556	10
1606	115
1656	5
1756	1
1806	74
1856	1
1956	2
2006	1
2106	1
2156	7
2206	3
2256	6
2306	1
2356	1
2406	1
2456	1
2506	35
2556	2
2656	3
2706	1
2856	3
2956	1
3156	4
3256	1
3506	1
3556	1
3706	1
3856	2
3906	5
4156	1
4556	1
4656	1
5056	1
5356	1
5756	1
6356	1
6606	1
7056	1
7306	1
7756	1
8206	1
8356	1
9456	2
14056	1
15356	1
15956	1
34506	1
67006	1
7	8923837
57	9846
107	2750
157	1574
207	1031
257	559
307	375
357	276
407	164
457	124
507	113
557	65
607	53
657	46
707	39
757	29
807	32
857	25
907	12
957	22
1007	25
1057	2
1107	12
1157	5
1207	12
1257	5
1307	3
1357	4
1407	4
1457	3
1507	3
1557	2
1607	4
1657	1
1707	3
1757	1
1907	1
1957	3
2007	2
2057	1
2107	5
2157	3
2207	3
2257	3
2307	3
2357	1
2407	2
2457	1
2557	1
2657	1
2757	2
2807	1
2907	2
2957	2
3157	1
3307	1
3507	1
3757	1
3807	1
3857	1
4357	1
4507	1
4657	2
4857	1
5307	1
5357	1
5557	1
5957	1
6307	1
7557	1
7757	1
15957	1
23807	1
8	2166275
58	13293
108	4165
158	1772
208	1063
258	727
308	436
358	262
408	205
458	120
508	112
558	88
608	77
658	114
708	4800
758	38
808	29
858	27416
908	32
958	11
1008	253
1058	9
1108	9
1158	10
1208	5
1258	3
1308	11
1358	11
1408	7
1458	7
1508	4
1558	10
1608	3
1658	1
1708	28
1758	2
1808	1
1858	1
1908	3
1958	4
2008	1
2058	33
2108	1
2158	2
2208	1
2308	1
2358	3
2408	28
2458	1
2508	6
2558	4
2608	1
2708	2
2758	82
2808	1
3058	3
3258	1
3408	1
3508	1
3958	1
4008	3
4108	1
4158	1
4358	1
4508	1
5008	1
5658	1
6458	1
7258	1
9208	1
10658	1
13958	1
15308	2
21608	1
25358	1
9	568827
59	15846
109	2869
159	1625
209	908
259	538
309	547
359	233
409	146
459	142
509	83
559	87
609	57
659	34
709	37
759	38
809	14
859	20
909	24
959	11
1009	777
1059	10
1109	5
1159	3
1209	13
1259	3
1309	1
1359	2
1409	5
1509	2
1559	2
1659	4
1709	3
1759	3
1909	4
1959	2
2059	1
2109	1
2159	2
2209	1
2359	1
2409	1
2509	1
2609	1
2759	1
2809	1
2859	1
3059	1
3309	1
4259	1
4309	1
4459	1
4559	1
4809	1
4859	2
7459	1
7709	1
8109	1
14409	1
14959	1
16359	1
17509	1
23959	1
25059	1
28609	1
93809	1
589809	1
10	823241
60	19971
110	4300
160	2194
210	1312
260	680
310	382
360	489
410	192
460	146
510	113
560	2991
610	4719
660	10298
710	5313
760	6546
810	29904
860	446
910	70
960	4264
1010	1196
1060	10
1110	9
1160	6
1210	7
1260	21
1310	4
1360	6
1410	1
1460	4
1510	3
1560	6
1610	4
1660	2
1710	2
1760	7
1810	4
1860	1
1910	3
1960	14
2010	1
2060	2
2110	1
2160	4
2210	3
2260	2
2310	8
2410	2
2460	1
2510	1
2560	4
2610	1
2660	4
2760	4
2810	1
2910	4
3010	1
3060	1
3210	1
3260	1
3360	4
3410	1
3610	1
3660	2
3760	1
3860	1
4010	1
4160	1
4210	1
4310	2
4360	1
4410	1
4460	1
4560	1
4710	2
4860	1
5010	1
5110	1
5160	1
5410	1
5860	1
6010	1
6210	1
6260	1
6660	3
6810	2
6960	1
7510	1
7760	1
8410	1
8910	1
9910	1
11260	1
12860	1
14510	1
16310	1
16660	1
17360	1
17910	1
21260	1
32860	1
35010	1
40260	1
53360	1
11	331132
61	8012
111	2950
161	3058
211	820
261	618
311	328
361	225
411	216
461	126
511	102
561	91
611	52
661	45
711	35
761	32
811	20
861	29
911	10
961	15
1011	79
1061	11
1111	3
1161	5
1211	5
1261	2
1311	7
1361	2
1411	2
1461	6
1511	2
1561	4
1611	4
1661	3
1711	3
1761	3
1811	5
1861	2
1911	2
1961	1
2011	1
2061	2
2111	2
2161	2
2211	2
2261	5
2361	1
2411	3
2511	1
2561	1
2761	1
2911	1
2961	3
3111	1
3211	2
3411	1
3711	1
3961	1
4161	1
4361	1
4511	1
5211	1
5511	1
5561	1
6411	1
7461	3
7711	1
11411	1
11961	1
15411	1
17961	2
19261	1
30111	1
39461	1
90411	1
12	381972
62	8953
112	3513
162	4857
212	847
262	507
312	486
362	217
412	295
462	148
512	117
562	74
612	80
662	38
712	36
762	21884
812	76
862	17
912	5198
962	16
1012	6
1062	1510
1112	7
1162	16
1212	8
1262	3
1312	3
1362	6
1412	6
1462	7
1512	39
1562	6
1612	1
1662	5
1712	5
1762	1
1812	9
1862	27
1912	2
1962	3
2012	3
2112	1
2162	4
2212	56
2262	3
2312	1
2362	1
2512	1
2562	11
2712	2
2762	1
3012	3
3062	2
3312	2
3412	1
3462	2
3562	2
3662	1
3762	3
3862	6
4412	1
4912	1
5112	2
5412	1
5612	1
7612	1
7912	1
8112	2
8712	2
10662	1
10912	1
12012	3793
16112	1
20612	1
28562	1
32112	1
44812	1
73062	1
100762	1
13	363834
63	10018
113	2472
163	5632
213	892
263	539
313	336
363	248
413	147
463	103
513	107
563	55
613	63
663	57
713	39
763	28
813	28
863	22
913	14
963	22
1013	10
1063	4
1113	3
1163	3
1213	3
1263	2
1313	5
1363	4
1413	3
1463	8
1513	2
1563	3
1613	3
1663	1
1713	2
1763	1
1813	4
1863	2
1913	5
1963	4
2013	3
2063	3
2113	3
2163	4
2213	1
2263	1
2463	1
2513	1
2613	4
2663	3
2763	2
2813	1
3063	1
3263	2
3363	7
3463	1
3563	1
3663	1
3763	1
3963	1
4263	1
4363	1
4563	1
4663	1
5813	1
6863	1
6963	1
7813	2
8213	1
12013	1
17913	1
19463	1
25713	1
75213	1
84563	1
14	365765
64	20927
114	3435
164	12938
214	866
264	687
314	370
364	272
414	222
464	116
514	111
564	110
614	43
664	49
714	8024
764	29
814	29
864	26290
914	17
964	22
1014	1476
1064	70
1114	5
1164	3
1214	3
1264	6
1314	1
1364	3
1414	129
1464	8
1514	2
1564	3
1614	5
1664	7
1714	3
1764	7
1814	2
1864	3
1914	2
2014	2
2064	2
2114	20
2164	4
2214	3
2264	3
2364	1
2464	17
2514	1
2614	2
2764	2
2814	2
2864	2
2964	1
3014	2
3114	1
3264	2
3414	1
3464	1
4014	1
4264	1
4314	1
4464	1
4514	1
4764	1
4814	1
5664	1
5764	2
5964	1
6164	2
6664	1
6864	3
7464	1
7914	1
8064	1
8464	1
8514	1
12064	2
18064	1
19464	1
26664	1
82614	1
91314	1
351764	1
15	250779
65	15332
115	2615
165	85442
215	811
265	499
315	405
365	218
415	167
465	201
515	161
565	847
615	5756
665	11121
715	5855
765	4672
815	209
865	21
915	18
965	14
1015	5
1065	6
1115	4
1165	4
1215	10
1265	2
1315	2
1365	6
1465	5
1515	7
1565	3
1615	3
1665	7
1765	3
1815	3
1865	1
1915	3
1965	5
2015	2
2065	1
2165	3
2265	3
2365	4
2415	1
2515	5
2565	2
2765	1
2815	2
2915	1
3015	3
3215	1
3565	1
3615	1
4215	1
4265	3
4315	1
5265	1
5615	1
6165	1
7215	1
9315	1
9465	1
9665	1
11165	1
11215	1
12015	15037
12165	1
12465	1
15065	1
35965	1
60165	1
63915	1
73815	1
95965	1
101365	1
16	407100
66	10732
116	2848
166	152650
216	1021
266	580
316	360
366	277
416	163
466	168
516	116
566	72
616	302
666	1378
716	24
766	23
816	26971
866	22
916	24
966	5620
1016	12
1066	7
1116	10
1166	4
1216	7
1266	6
1316	18
1366	8
1416	5
1466	1
1516	2
1566	3
1616	3
1666	23
1716	4
1766	2
1816	1
1916	2
1966	2
2016	20
2066	4
2116	4
2166	5
2216	1
2266	2
2366	7
2416	2
2466	1
2616	4
2716	4
2766	1
2866	1
2916	1
3016	1
3066	1
3116	2
3416	2
3466	3
3516	4
3666	2
4216	1
4316	1
4416	1
4516	2
4916	1
5066	1
5116	1
5216	1
5516	1
5716	1
5816	1
5916	2
6266	1
6366	1
6716	1
7266	1
7866	1
8066	1
8416	1
12016	2
22566	1
54016	1
89916	1
17	173586
67	10477
117	2896
167	24447
217	747
267	567
317	334
367	232
417	178
467	122
517	77
567	77
617	51
667	49
717	68
767	32
817	22
867	29
917	16
967	25
1017	18
1067	5
1117	8
1167	9
1217	7
1267	7
1317	4
1367	1
1417	12
1467	5
1517	2
1567	2
1617	4
1667	4
1717	6
1767	5
1817	2
1867	1
1917	3
1967	1
2017	1
2067	1
2117	2
2167	3
2217	2
2267	2
2317	1
2367	1
2417	4
2467	2
2517	2
2617	1
2667	2
2717	1
2817	3
2867	2
3117	1
3367	1
3467	1
3667	1
4017	1
4667	2
5467	1
5517	1
7967	1
15067	1
50767	1
18	247149
68	9096
118	3037
168	54393
218	844
268	521
318	419
368	214
418	168
468	168
518	110
568	78
618	75
668	45
718	31
768	16248
818	21
868	52
918	16374
968	17
1018	8
1068	17
1118	5
1168	4
1218	8
1268	4
1318	2
1368	11
1418	2
1468	4
1518	10
1568	54
1668	5
1718	3
1768	2
1818	9
1868	4
1918	4
1968	1
2068	1
2118	3
2168	1
2268	12
2318	1
2368	2
2418	2
2468	2
2568	2
2618	8
2768	1
2818	1
3218	1
3318	1
3468	1
3568	1
3718	1
3818	1
3968	3
4018	1
4318	1
4368	1
4468	1
4518	1
4968	2
5018	1
5568	1
5618	1
5668	1
5768	3
5818	1
5868	1
6018	1
6168	2
6268	1
7168	1
7368	1
7668	1
8118	1
10168	1
10218	1
10518	2
11518	1
12018	15309
12768	2
13668	1
16618	1
17868	1
49368	1
19	420722
69	6072
119	2326
169	61618
219	875
269	467
319	300
369	251
419	160
469	117
519	104
569	68
619	55
669	196
719	30
769	28
819	20
869	14
919	13
969	10
1019	7
1069	2
1119	1
1169	3
1219	2
1269	5
1319	3
1369	1
1419	4
1469	1
1519	3
1569	5
1619	7
1669	1
1719	2
1769	1
1819	1
1869	1
1919	3
1969	2
2019	1
2069	1
2119	2
2169	2
2219	2
2269	1
2419	1
2519	2
2769	2
2869	1
2919	1
3119	1
3169	2
3269	1
3419	1
4169	1
4219	1
4469	1
4569	3
4919	1
5069	1
5319	1
5469	1
5969	1
6519	1
9169	1
10269	2
11569	1
12019	1
20	252513
70	11402
120	4500
170	116095
220	876
270	691
320	1009
370	285
420	273
470	128
520	134
570	286
620	6125
670	6655
720	14761
770	5245
820	195
870	20362
920	24
970	15
1020	1266
1070	11
1120	19
1170	13
1220	8
1270	8
1320	13
1370	7
1420	5
1470	50
1520	5
1570	10
1620	4
1670	5
1720	2
1770	3
1820	19
1870	6
1920	6
2020	5
2070	2
2120	2
2170	3
2220	5
2270	5
2370	3
2420	3
2470	3
2520	26
2570	2
2720	2
2820	3
2870	2
3020	1
3120	5
3220	1
3270	1
3320	3
3370	1
3420	3
3470	1
3570	4
3670	1
3720	3
3770	1
3920	1
4020	1
4170	1
4470	1
4520	2
4920	2
5020	2
5070	1
5170	1
5420	1
5470	1
5520	2
5720	1
5770	2
6020	1
6120	1
6570	1
6670	1
7470	1
8220	2
9120	1
11570	1
11970	1
12020	1
13020	1
14170	1
14570	1
15220	1
15820	1
18270	1
26420	1
45820	1
55820	1
21	112750
71	6542
121	2311
171	67577
221	766
271	1227
321	361
371	205
421	191
471	126
521	71
571	65
621	58
671	45
721	28
771	34
821	30
871	8
921	18
971	16
1021	9
1071	10
1121	4
1171	4
1221	8
1271	4
1321	6
1371	6
1421	2
1471	1
1521	3
1571	2
1621	2
1671	3
1721	4
1771	2
1821	2
1971	1
2021	4
2071	4
2121	3
2171	3
2221	1
2271	2
2321	2
2571	1
2671	1
2821	1
2871	1
2921	1
3021	1
3121	1
3621	2
3971	1
4271	2
4421	1
4671	1
4971	2
5071	1
5671	1
7171	2
9571	1
11471	1
12021	11484
12171	1
24321	1
27321	1
43521	1
105321	1
22	119137
72	10396
122	2980
172	76984
222	891
272	529
322	364
372	303
422	167
472	123
522	132
572	87
622	57
672	1746
722	33
772	28
822	20753
872	13
922	24
972	30
1022	28
1072	10
1122	9
1172	7
1222	8
1272	8
1322	2
1372	19
1422	4
1472	5
1522	1
1572	4
1622	3
1672	11
1722	22
1822	2
1872	4
1922	1
1972	3
2022	5
2072	57
2122	5
2172	5
2222	1
2272	2
2322	3
2422	32
2472	3
2522	1
2672	1
2772	26
2822	1
2872	1
2922	3
2972	1
3022	1
3122	2
3172	1
3272	1
3372	1
3522	2
3672	3
3772	2
3822	1
3872	1
3922	1
4072	2
4122	1
4222	1
4372	1
4472	2
4522	1
4722	2
4922	1
5172	2
5372	1
7272	1
8372	1
8422	1
8672	1
9522	1
10322	1
10872	1
13972	2
14222	1
17122	1
19372	1
21272	1
21472	1
24972	1
35072	1
45522	1
78222	1
125022	1
23	97007
73	4741
123	2410
173	160998
223	682
273	523
323	584
373	240
423	177
473	104
523	80
573	73
623	51
673	44
723	43
773	28
823	17
873	19
923	23
973	12
1023	8
1073	7
1123	5
1173	5
1223	4
1273	4
1323	7
1373	3
1423	3
1473	3
1523	2
1623	2
1673	4
1723	1
1773	3
1823	1
1873	3
1923	1
2123	1
2223	3
2323	2
2373	2
2523	1
2573	1
2723	2
2773	1
2823	1
2873	1
2923	3
2973	1
3173	1
3373	1
3673	2
3823	1
4123	1
4223	2
4323	1
4423	2
4523	1
4623	3
5223	1
5673	1
6123	2
6723	1
8723	2
16623	1
16923	1
17273	1
19373	1
19523	1
22623	1
23873	1
184973	1
263823	1
24	156166
74	8730
124	2706
174	151910
224	899
274	512
324	380
374	229
424	135
474	143
524	95
574	139
624	94
674	47
724	32
774	14403
824	27
874	14
924	8733
974	13
1024	14
1074	13
1124	11
1174	7
1224	15
1274	19
1324	2
1374	4
1424	7
1474	6
1524	2
1574	4
1624	13
1674	2
1724	1
1774	1
1824	3
1874	3
1924	3
1974	34
2074	2
2124	4
2174	3
2224	3
2274	3
2324	9
2424	1
2474	1
2524	2
2574	1
2624	2
2674	30
2724	1
2774	1
2874	2
3024	1
3124	2
3224	3
3324	1
3424	1
3474	1
3724	1
3774	1
3974	2
4424	2
4524	1
4724	1
4924	1
4974	1
5624	1
7174	1
8274	2
8624	1
20424	1
24374	1
34224	1
175674	1
25	82543
75	6010
125	2306
175	155375
225	874
275	481
325	343
375	236
425	148
475	101
525	89
575	1777
625	6085
675	8024
725	10020
775	2489
825	24
875	18
925	15
975	21
1025	7
1075	6
1125	6
1175	9
1225	4
1275	6
1325	1
1375	3
1425	4
1475	3
1525	1
1575	3
1625	6
1675	7
1725	4
1775	1
1825	5
1875	3
1975	1
2025	5
2125	1
2175	2
2275	1
2325	2
2375	1
2475	1
2525	2
2625	3
2775	2
2825	1
2875	1
2925	3
2975	2
3075	3
3475	1
3525	2
3625	1
3675	1
3725	1
3775	1
3825	1
3875	3
4025	1
4275	1
4375	1
4475	1
4575	1
4725	1
4975	1
5025	1
6075	1
6375	1
6425	1
9625	2
16425	2
21875	1
23175	1
38775	1
93125	1
353625	1
26	106189
76	6577
126	2731
176	111136
226	741
276	521
326	298
376	237
426	197
476	142
526	80
576	97
626	54
676	44
726	13517
776	35
826	38
876	31401
926	9
976	23
1026	18
1076	2
1126	7
1176	29
1226	2
1276	6
1326	4
1376	3
1426	2
1476	10
1526	31
1576	3
1626	5
1676	2
1726	3
1776	7
1826	4
1876	11
1926	1
1976	1
2076	4
2176	2
2226	63
2376	5
2476	2
2526	3
2576	12
2626	1
2676	1
2726	1
2926	3
3276	2
3426	1
3526	1
3776	6
3976	1
4026	2
4276	1
4326	2
5076	1
5176	1
5376	1
5626	1
6126	1
6576	1
7726	2
8226	1
8526	1
11476	1
111976	1
248626	1
27	70248
77	4783
127	2187
177	206524
227	768
277	507
327	296
377	225
427	132
477	126
527	63
577	58
627	1243
677	31
727	34
777	29
827	19
877	16
927	12
977	15
1027	8
1077	12
1127	4
1177	4
1227	7
1277	6
1327	2
1377	5
1427	5
1477	7
1527	5
1577	4
1627	5
1677	4
1727	3
1827	3
1877	4
1977	2
2027	2
2077	2
2127	5
2227	2
2277	1
2327	1
2427	2
2527	1
2627	1
2677	1
2727	2
2777	1
2877	1
2927	2
3027	3
3177	1
3277	1
3327	1
3377	2
3427	1
3527	1
3577	1
3977	1
4177	1
4427	1
4827	1
4977	2
5077	1
5377	1
5777	1
5927	1
9027	1
9577	1
9877	1
10677	1
12277	1
21927	1
32477	2
56577	1
28	90221
78	7723
128	3014
178	108468
228	931
278	465
328	337
378	341
428	166
478	97
528	133
578	67
628	61
678	6777
728	148
778	30
828	30732
878	15
928	25
978	1321
1028	11
1078	69
1128	8
1178	6
1228	4
1278	9
1328	9
1378	4
1428	29
1478	3
1528	3
1578	3
1628	3
1678	2
1728	4
1778	28
1828	5
1878	6
1928	2
1978	3
2028	7
2128	37
2178	1
2228	2
2278	4
2328	1
2378	3
2478	17
2528	1
2578	2
2628	4
2728	2
2778	1
2878	2
2928	4
2978	1
3278	1
3328	1
3378	1
3428	1
3528	1
3628	2
3728	1
3778	3
3978	1
4128	1
4328	1
4428	1
4728	1
4928	1
5028	1
5178	1
5278	1
5478	1
5778	1
5928	1
7078	1
7328	1
10528	1
10828	1
11178	1
11778	1
12928	1
18928	1
70528	1
95928	1
323828	1
764528	1
29	56580
79	7345
129	2369
179	23571
229	718
279	509
329	291
379	207
429	153
479	112
529	57
579	66
629	53
679	51
729	26
779	22
829	19
879	33
929	11
979	19
1029	16
1079	9
1129	4
1179	5
1229	2
1279	1
1329	3
1379	4
1429	1
1479	4
1529	1
1579	2
1629	2
1679	7
1729	2
1779	3
1829	1
1929	3
1979	1
2029	3
2079	3
2129	1
2179	3
2229	1
2279	2
2429	3
2479	1
2529	1
2579	1
2629	1
2829	1
2929	1
3029	3
3129	1
3279	2
3329	1
3429	1
3479	1
3579	1
3929	2
3979	2
4379	1
4679	1
5829	1
6079	1
6529	1
6729	1
7129	2
8929	2
9229	1
9879	1
17829	1
30	138070
80	10369
130	3003
180	166412
230	841
280	691
330	410
380	241
430	166
480	189
530	112
580	3964
630	3736
680	7611
730	5824
780	27175
830	29
880	23
930	5059
980	115
1030	15
1080	1338
1130	13
1180	6
1230	5
1280	10
1330	24
1380	7
1430	3
1480	6
1530	4
1580	6
1630	6
1680	41
1730	8
1780	2
1830	6
1880	2
1930	2
1980	3
2030	12
2080	3
2130	5
2180	4
2280	5
2330	3
2380	28
2430	5
2480	6
2530	3
2580	2
2630	1
2730	16
2830	1
2880	2
2930	1
2980	3
3030	2
3080	3
3130	1
3180	2
3230	2
3280	3
3330	5
3380	1
3480	1
3630	1
3780	2
3930	2
3980	2
4030	2
4080	1
4180	3
4330	1
4380	4
4530	1
4630	2
4930	2
5030	2
5080	3
5130	1
5280	1
5380	1
5430	1
5480	1
5780	2
6080	1
7030	1
7480	1
7580	1
7680	1
8480	1
8830	1
8880	1
9080	1
10080	1
10680	1
10880	1
11080	1
14180	2
14580	1
16680	1
20880	1
21780	1
36480	1
55380	1
116030	1
31	47852
81	5020
131	1966
181	440646
231	779
281	437
331	284
381	211
431	136
481	137
531	111
581	73
631	44
681	42
731	28
781	33
831	32
881	13
931	17
981	28
1031	8
1081	5
1131	12
1181	4
1231	1
1281	5
1331	3
1381	2
1431	4
1481	2
1531	1
1581	1
1631	5
1681	1
1781	1
1831	3
1881	1
1981	1
2031	1
2081	5
2131	2
2181	1
2381	2
2431	2
2481	1
2581	2
2681	1
2781	3
2831	1
3631	1
4181	1
4431	1
4531	1
5331	1
5481	1
7731	2
7781	1
8031	1
8131	1
8631	1
8731	1
9831	1
9931	1
23631	2
63831	1
75531	1
83631	1
32	67086
82	5644
132	2688
182	282056
232	786
282	523
332	297
382	211
432	166
482	94
532	139
582	76
632	43
682	47
732	13391
782	37
832	32
882	19279
932	31
982	12
1032	1097
1082	8
1132	6
1182	5
1232	38
1282	3
1332	5
1382	2
1432	4
1482	5
1532	4
1582	4
1632	10
1682	4
1732	4
1782	4
1832	1
1882	3
1932	30
1982	1
2032	4
2082	3
2132	6
2182	1
2232	4
2282	25
2382	1
2432	3
2532	1
2632	5
2682	1
2732	1
2832	3
2932	1
3082	1
3132	2
3182	1
3282	1
3532	2
3632	1
3682	1
3782	4
4032	1
4182	1
4232	1
4432	1
4582	1
4732	1
5082	1
5232	2
5382	4
5832	1
6882	1
8282	1
8632	2
9432	1
9732	1
11532	1
11832	1
17632	1
22282	1
37132	1
45332	1
62532	1
155832	2
33	38039
83	4000
133	1958
183	60975
233	657
283	402
333	342
383	187
433	128
483	110
533	87
583	53
633	69
683	43
733	27
783	32
833	19
883	13
933	17
983	16
1033	9
1083	4
1133	1
1183	6
1233	5
1283	4
1333	1
1383	8
1433	3
1483	3
1533	3
1583	1
1633	2
1683	3
1733	9
1833	6
1883	2
1983	7
2083	1
2133	3
2183	1
2433	2
2483	2
2633	2
2683	1
2833	2
2933	1
3083	2
3183	1
3233	1
3283	2
3483	1
3533	1
3683	1
3783	1
4133	1
4233	1
4683	1
4883	1
4933	1
4983	1
5133	1
7483	1
10783	2
42933	1
34	46477
84	6925
134	2082
184	3020
234	869
284	436
334	300
384	314
434	145
484	284
534	107
584	68
634	57
684	2853
734	34
784	50
834	26908
884	21
934	18
984	1346
1034	8
1084	9
1134	16
1184	5
1234	1
1284	11
1334	3
1384	1
1434	5
1484	36
1534	5
1584	8
1634	4
1684	6
1734	4
1784	1
1834	22
1884	3
1934	1
2034	4
2084	2
2134	5
2184	41
2284	1
2334	3
2384	1
2484	5
2534	17
2584	3
2684	1
2784	1
2884	1
2934	2
3134	1
3234	2
3584	2
3784	1
3834	1
3884	1
4084	2
4184	1
4684	1
4784	1
4984	1
5084	1
5384	1
5484	1
6634	1
6834	1
6984	1
7084	1
7284	2
8184	1
9884	1
9934	1
13584	1
15884	1
15984	1
19734	1
21034	1
42534	1
155834	1
35	31008
85	4292
135	11052
185	1128
235	620
285	468
335	259
385	206
435	170
485	103
535	71
585	662
635	9682
685	6318
735	4771
785	769
835	14
885	23
935	15
985	17
1035	13
1085	7
1135	5
1185	12
1235	7
1285	4
1335	4
1385	2
1435	3
1485	6
1535	6
1585	4
1635	1
1685	2
1735	2
1785	5
1835	4
1885	3
1985	3
2035	1
2085	3
2135	2
2185	2
2385	3
2435	1
2485	1
2535	3
2585	1
2635	1
2685	1
2785	2
2835	3
2885	1
2985	1
3285	1
3335	1
3435	1
3485	1
3635	2
3735	1
3935	1
4485	1
4685	1
4935	2
5085	1
5535	2
5985	1
6035	1
7735	1
8085	1
9585	1
9885	1
9985	2
10035	1
12085	1
33085	1
75885	1
139485	1
36	45170
86	4773
136	19323
186	1329
236	713
286	474
336	373
386	199
436	144
486	117
536	98
586	60
636	69
686	64
736	42
786	20920
836	45
886	17
936	8128
986	16
1036	40
1086	10
1136	9
1186	6
1236	8
1286	8
1336	4
1386	37
1436	2
1486	1
1536	4
1586	4
1636	3
1686	7
1736	138
1786	2
1836	5
1886	4
1936	2
2036	2
2086	46
2136	2
2186	2
2236	5
2286	2
2436	26
2486	1
2536	2
2586	4
2736	2
2836	1
2936	1
2986	1
3036	2
3086	1
3136	1
3186	2
3336	2
3536	4
3586	2
3736	1
3936	1
4236	2
4786	1
4836	1
4986	2
5036	1
5136	1
5286	1
5436	1
5586	1
5636	1
6586	1
6786	1
7686	1
11636	1
11886	1
12236	2
20436	1
25286	1
30036	1
54536	1
37	26614
87	4263
137	55209
187	1122
237	739
287	446
337	301
387	231
437	141
487	101
537	90
587	67
637	53
687	41
737	23
787	27
837	23
887	19
937	18
987	18
1037	7
1087	9
1137	4
1187	3
1237	3
1287	4
1337	2
1387	4
1437	6
1487	3
1537	10
1587	7
1637	3
1687	1
1737	3
1787	1
1837	3
1887	2
1937	4
1987	4
2037	5
2087	3
2137	4
2187	1
2237	1
2287	1
2387	2
2437	1
2537	1
2587	4
2887	1
3087	1
3237	1
3287	1
3337	2
3637	2
3687	1
3837	3
4037	1
4237	1
4287	1
4587	2
5037	3
5087	1
5337	1
5637	1
5837	1
6637	1
6837	2
8987	1
10437	1
28487	1
92037	1
38	36522
88	6690
138	102063
188	1264
238	759
288	554
338	292
388	194
438	173
488	107
538	81
588	125
638	48
688	37
738	10831
788	22
838	28
888	15317
938	28
988	15
1038	8
1088	13
1138	2
1188	9
1238	3
1288	15
1338	6
1388	6
1438	3
1488	8
1538	2
1588	4
1638	32
1688	1
1738	3
1788	4
1838	2
1888	3
1938	5
1988	11
2088	2
2138	4
2238	7
2338	5
2388	2
2438	2
2538	1
2638	1
2688	8
2738	1
2788	3
2838	3
2888	1
2988	7
3088	1
3488	1
3738	1
3888	1
4488	1
4638	1
4988	1
5038	1
5488	1
5688	1
5888	1
6888	2
7538	1
9238	1
9838	1
10938	1
12188	1
15838	1
17538	1
17838	2
18588	1
21988	1
23688	1
28188	1
138138	1
39	29463
89	3904
139	21947
189	1181
239	638
289	392
339	279
389	176
439	125
489	121
539	66
589	42
639	52
689	39
739	21
789	41
839	25
889	20
939	13
989	8
1039	5
1089	4
1139	2
1189	4
1239	9
1289	3
1339	6
1389	2
1439	2
1539	4
1589	5
1689	2
1739	3
1789	2
1889	3
1939	2
1989	2
2039	1
2139	3
2189	1
2289	2
2339	1
2389	1
2439	1
2639	1
2689	1
2739	3
2839	1
2939	1
3039	2
3089	1
3239	1
3589	1
3689	3
4139	1
4389	2
4689	1
4939	1
5139	1
5189	2
5889	1
6239	1
6839	1
7989	2
8789	1
10089	1
10989	1
22539	1
64089	1
40	60885
90	7573
140	11456
190	1334
240	1046
290	458
340	305
390	400
440	202
490	126
540	151
590	1295
640	7837
690	9649
740	2746
790	387
840	27464
890	20
940	22
990	30
1040	12
1090	11
1140	14
1190	57
1240	11
1290	12
1340	8
1390	4
1440	5
1490	4
1540	35
1590	7
1640	3
1690	6
1740	7
1790	3
1840	5
1890	25
1940	1
1990	4
2040	5
2090	4
2140	6
2190	2
2240	32
2290	1
2340	4
2390	2
2440	3
2490	2
2540	2
2590	34
2640	1
2690	2
2840	1
2940	2
2990	1
3040	2
3090	1
3240	1
3290	2
3340	2
3390	1
3440	1
3490	2
3540	4
3690	1
3740	3
3940	2
4040	2
4240	1
4490	1
5140	1
5190	2
5240	1
5340	1
5440	1
5590	2
5840	1
6040	1
6640	1
6790	1
6890	1
7140	2
7840	1
8190	1
8990	1
9940	1
10440	1
12040	1
12090	1
13090	1
13240	1
13590	1
13640	1
18240	1
18590	1
18840	1
18940	1
20790	1
23390	1
23690	2
27540	1
33790	1
68940	1
136990	1
41	20510
91	3717
141	1984
191	1041
241	593
291	490
341	261
391	189
441	154
491	107
541	67
591	61
641	46
691	47
741	41
791	20
841	24
891	19
941	18
991	21
1041	14
1091	4
1141	5
1191	6
1241	5
1291	5
1341	10
1391	5
1441	3
1491	6
1541	6
1591	2
1641	7
1691	2
1741	4
1791	6
1841	2
1891	11
1941	5
1991	2
2041	2
2091	2
2141	2
2241	1
2341	2
2391	2
2441	1
2541	3
2591	4
2641	1
2841	1
2891	1
2941	1
2991	3
3141	2
3291	1
3391	1
3441	1
3491	2
3591	3
3691	1
3791	1
4791	1
5341	1
5491	1
6141	1
6541	1
6591	1
7141	1
7241	1
7391	1
9141	1
10241	1
13941	1
29541	1
236841	1
263141	1
42	32421
92	5243
142	1804
192	1515
242	671
292	412
342	325
392	200
442	180
492	166
542	84
592	46
642	61
692	44
742	127
792	28513
842	20
892	18
942	9785
992	17
1042	5
1092	41
1142	8
1192	8
1242	7
1292	9
1342	5
1392	10
1442	18
1492	5
1542	5
1592	4
1642	3
1692	9
1742	3
1792	40
1842	2
1892	5
1942	3
1992	3
2042	4
2092	1
2142	13
2192	4
2242	2
2292	1
2342	2
2392	1
2442	2
2492	2
2592	4
2642	4
2692	3
2792	2
2842	3
2892	4
3042	1
3092	1
3192	1
3342	1
3392	2
3442	1
3742	1
3942	1
4042	1
4142	1
4242	2
4292	1
4342	1
4392	1
4442	1
4692	2
4792	1
5192	1
5392	1
5592	1
5792	1
6042	1
7092	1
8042	1
8442	1
8792	1
9492	1
10292	1
17992	1
18042	1
22542	1
24242	2
39192	1
77642	1
43	19032
93	3748
143	1734
193	989
243	731
293	369
343	236
393	217
443	212
493	129
543	89
593	52
643	39
693	59
743	17
793	18
843	22
893	22
943	16
993	15
1043	5
1093	7
1143	6
1193	7
1243	4
1293	4
1343	2
1393	1
1443	7
1493	4
1543	2
1593	3
1643	3
1693	3
1743	2
1793	3
1893	2
1943	2
2043	1
2093	1
2143	4
2193	2
2293	1
2343	1
2443	1
2493	3
2543	1
2593	1
2693	1
2743	1
2793	3
2943	5
3043	2
3393	1
3493	1
3543	1
3743	1
3993	2
4293	4
4493	1
4743	1
5193	1
5943	2
5993	1
6043	1
7193	1
8293	1
8643	1
10743	1
19643	1
102893	1
109143	1
44	26122
94	4172
144	2553
194	1067
244	752
294	507
344	285
394	201
444	174
494	115
544	68
594	78
644	186
694	24
744	13304
794	21
844	20
894	17478
944	17
994	66
1044	10
1094	8
1144	18
1194	5
1244	4
1294	5
1344	58
1394	4
1444	5
1494	7
1544	3
1644	3
1694	10
1744	7
1794	2
1844	4
1894	3
1944	5
2044	29
2094	5
2144	1
2244	9
2294	2
2344	1
2394	2
2444	2
2644	2
2744	3
2994	1
3344	1
3444	3
3494	1
3694	1
3844	2
3994	1
4094	1
4294	1
4394	1
4444	2
4494	2
4544	1
4794	1
4894	1
4994	1
5294	1
5544	1
6144	1
6594	2
6744	1
6944	1
7394	1
7644	1
9294	1
9844	1
9894	1
12144	1
12944	1
13044	1
14144	1
18794	1
22544	1
24744	1
27544	1
135844	1
45	23132
95	3562
145	1732
195	1174
245	617
295	403
345	319
395	203
445	136
495	114
545	576
595	1083
645	2800
695	9148
745	3570
795	636
845	71
895	15
945	36
995	16
1045	125
1095	8
1145	7
1195	4
1245	4
1295	4
1345	1
1395	4
1445	6
1495	8
1545	4
1595	8
1645	4
1695	1
1745	1
1795	1
1845	3
1895	1
1945	1
1995	4
2045	2
2095	2
2145	1
2195	2
2245	1
2395	2
2445	2
2495	1
2545	3
2595	1
2645	1
2695	2
2745	1
2795	1
2895	1
2995	1
3045	2
3145	1
3195	1
3245	1
3445	1
3695	1
3795	2
3945	2
3995	2
4095	1
4195	1
4795	1
4895	1
4995	1
5945	1
5995	2
6045	2
6145	1
6545	1
7245	1
8145	1
10345	1
14895	1
16195	1
31545	1
115895	1
255195	1
46	24074
96	5938
146	1847
196	1138
246	675
296	384
346	253
396	235
446	130
496	114
546	111
596	60
646	50
696	6679
746	35
796	28
846	30080
896	62
946	14
996	17
1046	6
1096	11
1146	4
1196	3
1246	33
1296	11
1346	4
1396	7
1446	5
1496	10
1546	4
1596	6
1646	2
1696	4
1746	2
1796	3
1846	1
1896	1
1946	19
1996	2
2046	2
2096	2
2146	3
2196	1
2246	1
2296	25
2346	3
2396	3
2446	1
2496	1
2546	2
2596	1
2646	75
2696	1
2796	1
2896	1
2946	1
2996	2
3246	2
3396	1
3496	3
3596	1
3696	1
3746	1
3796	2
3846	1
4046	1
4146	2
4296	1
4646	2
4796	2
4896	1
5096	1
5196	2
5496	2
5796	3
5896	1
6096	2
6246	1
6746	1
7196	1
8196	1
8446	1
8996	1
9546	1
9946	2
10096	1
10496	1
13146	1
13246	1
24596	1
1006296	1
47	20826
97	3485
147	1767
197	987
247	625
297	444
347	279
397	206
447	158
497	78
547	63
597	70
647	43
697	45
747	42
797	30
847	17
897	23
947	20
997	11
1047	16
1097	6
1147	3
1197	13
1247	5
1297	7
1347	8
1397	4
1447	4
1497	2
1547	3
1597	4
1647	3
1697	5
1747	6
1797	5
1847	1
1897	4
1947	6
2047	2
2097	4
2147	4
2197	1
2247	3
2297	2
2497	1
2547	1
2697	1
2847	1
2947	1
3047	2
3197	2
3297	2
3447	3
3647	1
4297	1
4347	1
4447	1
4497	2
5047	1
5147	1
9297	1
9447	1
19747	1
90047	1
48	33202
98	5420
148	2011
198	1232
248	674
298	403
348	334
398	191
448	187
498	100
548	101
598	58
648	67
698	39
748	37
798	27965
848	24
898	14
948	4198
998	20
1048	7
1098	10
1148	20
1198	8
1248	10
1298	7
1348	5
1398	10
1448	4
1498	21
1548	2
1598	2
1648	2
1698	4
1748	4
1798	1
1848	9
1898	3
1948	1
1998	4
2048	1
2148	5
2198	4
2248	3
2298	4
2348	1
2548	107
2698	2
2748	3
2898	5
2998	1
3048	2
3098	1
3198	4
3448	3
3548	3
3698	1
3748	2
4098	5
4248	1
4298	1
4448	1
4698	1
5448	3
5798	1
5948	1
6448	1
6648	1
6748	1
7448	6
7848	1
8148	1
9348	1
15198	1
15348	1
21698	1
26598	1
26898	1
28098	1
49	20324
99	3877
149	1628
199	1011
249	657
299	361
349	280
399	210
449	119
499	88
549	72
599	67
649	42
699	32
749	34
799	18
849	34
899	29
949	16
999	23
1049	13
1099	8
1149	5
1199	3
1249	2
1299	6
1349	2
1399	1
1449	2
1499	7
1549	8
1599	3
1649	2
1699	3
1749	4
1799	2
1849	1
1899	3
1949	2
1999	1
2049	2
2199	2
2299	6
2349	1
2449	1
2749	2
2799	2
2949	1
3049	1
3199	1
3299	1
3449	3
3549	1
3599	3
3949	1
3999	1
4299	1
4399	1
4599	1
4699	1
4849	1
4899	2
5149	1
5449	1
6099	1
6199	1
6749	1
6849	1
7849	1
14799	1
17199	1
62599	1
